"acc_train" "acc_test" "test_lower" "test_upper" "Method"
0.838245421245421 0.838709677419355 0.723320154165078 0.919846935083223 "cor"
0.845375824175824 0.82258064516129 0.704686678529349 0.907961604082047 "cor"
0.826335531135531 0.870967741935484 0.761491863618209 0.942609994392978 "cor"
0.840404395604396 0.82258064516129 0.704686678529349 0.907961604082047 "cor"
0.810962637362637 0.887096774193548 0.781113213479142 0.953383375627183 "cor"
0.857698168498168 0.806451612903226 0.686314048300537 0.895790370737824 "cor"
0.809214652014652 0.854838709677419 0.742243137270859 0.931411387376539 "cor"
0.836942857142857 0.82258064516129 0.704686678529349 0.907961604082047 "cor"
0.836474725274725 0.758064516129032 0.632550292814055 0.857813964151982 "cor"
0.819384615384615 0.887096774193548 0.781113213479142 0.953383375627183 "cor"
0.839842490842491 0.758064516129032 0.632550292814055 0.857813964151982 "cor"
0.867217582417582 0.725806451612903 0.597683842594978 0.831457055070029 "cor"
0.845517948717949 0.774193548387097 0.650263132359369 0.870696081027774 "cor"
0.833695970695971 0.838709677419355 0.723320154165078 0.919846935083223 "cor"
0.817049816849817 0.854838709677419 0.742243137270859 0.931411387376539 "cor"
0.846813919413919 0.854838709677419 0.742243137270859 0.931411387376539 "cor"
0.816850549450549 0.870967741935484 0.761491863618209 0.942609994392978 "cor"
0.805840293040293 0.887096774193548 0.781113213479142 0.953383375627183 "cor"
0.85025347985348 0.887096774193548 0.781113213479142 0.953383375627183 "cor"
0.815971428571429 0.806451612903226 0.686314048300537 0.895790370737824 "cor"
0.839935531135531 0.82258064516129 0.704686678529349 0.907961604082047 "cor"
0.814855677655678 0.870967741935484 0.761491863618209 0.942609994392978 "cor"
0.81756043956044 0.935483870967742 0.842971915962426 0.98214330283635 "cor"
0.835027838827839 0.838709677419355 0.723320154165078 0.919846935083223 "cor"
0.808098168498169 0.919354838709677 0.821747406867766 0.973295383204164 "cor"
0.847682051282051 0.838709677419355 0.723320154165078 0.919846935083223 "cor"
0.838778754578755 0.82258064516129 0.704686678529349 0.907961604082047 "cor"
0.831893772893773 0.82258064516129 0.704686678529349 0.907961604082047 "cor"
0.817235897435897 0.854838709677419 0.742243137270859 0.931411387376539 "cor"
0.824334065934066 0.870967741935484 0.761491863618209 0.942609994392978 "cor"
0.849259340659341 0.758064516129032 0.632550292814055 0.857813964151982 "cor"
0.789102564102564 0.887096774193548 0.781113213479142 0.953383375627183 "cor"
0.80872967032967 0.854838709677419 0.742243137270859 0.931411387376539 "cor"
0.843915750915751 0.838709677419355 0.723320154165078 0.919846935083223 "cor"
0.821371428571429 0.919354838709677 0.821747406867766 0.973295383204164 "cor"
0.788458608058608 0.903225806451613 0.801169623701541 0.963650418307025 "cor"
0.822707692307692 0.790322580645161 0.668179165710105 0.883361034221898 "cor"
0.844029304029304 0.82258064516129 0.704686678529349 0.907961604082047 "cor"
0.843975824175824 0.838709677419355 0.723320154165078 0.919846935083223 "cor"
0.802449816849817 0.903225806451613 0.801169623701541 0.963650418307025 "cor"
0.854555311355311 0.838709677419355 0.723320154165078 0.919846935083223 "cor"
0.819621245421245 0.82258064516129 0.704686678529349 0.907961604082047 "cor"
0.859043223443223 0.82258064516129 0.704686678529349 0.907961604082047 "cor"
0.856629304029304 0.790322580645161 0.668179165710105 0.883361034221898 "cor"
0.819774358974359 0.854838709677419 0.742243137270859 0.931411387376539 "cor"
0.813629304029304 0.82258064516129 0.704686678529349 0.907961604082047 "cor"
0.826238095238095 0.870967741935484 0.761491863618209 0.942609994392978 "cor"
0.848808791208791 0.838709677419355 0.723320154165078 0.919846935083223 "cor"
0.84329010989011 0.870967741935484 0.761491863618209 0.942609994392978 "cor"
0.84627032967033 0.870967741935484 0.761491863618209 0.942609994392978 "cor"
0.857874725274725 0.838709677419355 0.723320154165078 0.919846935083223 "ar"
0.866878388278388 0.82258064516129 0.704686678529349 0.907961604082047 "ar"
0.833523076923077 0.870967741935484 0.761491863618209 0.942609994392978 "ar"
0.840717948717949 0.82258064516129 0.704686678529349 0.907961604082047 "ar"
0.829992673992674 0.919354838709677 0.821747406867766 0.973295383204164 "ar"
0.854863736263736 0.758064516129032 0.632550292814055 0.857813964151982 "ar"
0.846049816849817 0.854838709677419 0.742243137270859 0.931411387376539 "ar"
0.850012454212454 0.838709677419355 0.723320154165078 0.919846935083223 "ar"
0.834652747252747 0.82258064516129 0.704686678529349 0.907961604082047 "ar"
0.823062271062271 0.870967741935484 0.761491863618209 0.942609994392978 "ar"
0.845754578754579 0.806451612903226 0.686314048300537 0.895790370737824 "ar"
0.873531135531136 0.758064516129032 0.632550292814055 0.857813964151982 "ar"
0.858724542124542 0.774193548387097 0.650263132359369 0.870696081027774 "ar"
0.847679853479854 0.838709677419355 0.723320154165078 0.919846935083223 "ar"
0.809042490842491 0.887096774193548 0.781113213479142 0.953383375627183 "ar"
0.841607326007326 0.887096774193548 0.781113213479142 0.953383375627183 "ar"
0.844419047619048 0.854838709677419 0.742243137270859 0.931411387376539 "ar"
0.832050549450549 0.870967741935484 0.761491863618209 0.942609994392978 "ar"
0.848626373626374 0.870967741935484 0.761491863618209 0.942609994392978 "ar"
0.851384615384615 0.82258064516129 0.704686678529349 0.907961604082047 "ar"
0.854949450549451 0.838709677419355 0.723320154165078 0.919846935083223 "ar"
0.831267399267399 0.887096774193548 0.781113213479142 0.953383375627183 "ar"
0.813337728937729 0.935483870967742 0.842971915962426 0.98214330283635 "ar"
0.848434432234432 0.82258064516129 0.704686678529349 0.907961604082047 "ar"
0.819672527472528 0.919354838709677 0.821747406867766 0.973295383204164 "ar"
0.853432967032967 0.838709677419355 0.723320154165078 0.919846935083223 "ar"
0.844742124542124 0.854838709677419 0.742243137270859 0.931411387376539 "ar"
0.841682051282051 0.838709677419355 0.723320154165078 0.919846935083223 "ar"
0.816250549450549 0.887096774193548 0.781113213479142 0.953383375627183 "ar"
0.84270989010989 0.870967741935484 0.761491863618209 0.942609994392978 "ar"
0.857200732600733 0.774193548387097 0.650263132359369 0.870696081027774 "ar"
0.798208058608059 0.854838709677419 0.742243137270859 0.931411387376539 "ar"
0.814071794871795 0.854838709677419 0.742243137270859 0.931411387376539 "ar"
0.861750183150183 0.838709677419355 0.723320154165078 0.919846935083223 "ar"
0.818120879120879 0.919354838709677 0.821747406867766 0.973295383204164 "ar"
0.801995604395604 0.935483870967742 0.842971915962426 0.98214330283635 "ar"
0.813065934065934 0.854838709677419 0.742243137270859 0.931411387376539 "ar"
0.861026373626374 0.82258064516129 0.704686678529349 0.907961604082047 "ar"
0.85692673992674 0.838709677419355 0.723320154165078 0.919846935083223 "ar"
0.818428571428571 0.935483870967742 0.842971915962426 0.98214330283635 "ar"
0.85141978021978 0.838709677419355 0.723320154165078 0.919846935083223 "ar"
0.833232967032967 0.870967741935484 0.761491863618209 0.942609994392978 "ar"
0.8741663003663 0.806451612903226 0.686314048300537 0.895790370737824 "ar"
0.845223443223443 0.82258064516129 0.704686678529349 0.907961604082047 "ar"
0.83470695970696 0.870967741935484 0.761491863618209 0.942609994392978 "ar"
0.824435897435897 0.854838709677419 0.742243137270859 0.931411387376539 "ar"
0.844370695970696 0.887096774193548 0.781113213479142 0.953383375627183 "ar"
0.858074725274725 0.870967741935484 0.761491863618209 0.942609994392978 "ar"
0.838701098901099 0.870967741935484 0.761491863618209 0.942609994392978 "ar"
0.852298901098901 0.854838709677419 0.742243137270859 0.931411387376539 "ar"
0.854393406593407 0.806451612903226 0.686314048300537 0.895790370737824 "dcor"
0.876815384615385 0.806451612903226 0.686314048300537 0.895790370737824 "dcor"
0.860887912087912 0.887096774193548 0.781113213479142 0.953383375627183 "dcor"
0.857147252747253 0.82258064516129 0.704686678529349 0.907961604082047 "dcor"
0.822770695970696 0.870967741935484 0.761491863618209 0.942609994392978 "dcor"
0.868232234432234 0.790322580645161 0.668179165710105 0.883361034221898 "dcor"
0.826251282051282 0.903225806451613 0.801169623701541 0.963650418307025 "dcor"
0.857208791208791 0.854838709677419 0.742243137270859 0.931411387376539 "dcor"
0.850132600732601 0.838709677419355 0.723320154165078 0.919846935083223 "dcor"
0.827707692307692 0.887096774193548 0.781113213479142 0.953383375627183 "dcor"
0.859627106227106 0.790322580645161 0.668179165710105 0.883361034221898 "dcor"
0.895756043956044 0.725806451612903 0.597683842594978 0.831457055070029 "dcor"
0.854886446886447 0.774193548387097 0.650263132359369 0.870696081027774 "dcor"
0.836196336996337 0.854838709677419 0.742243137270859 0.931411387376539 "dcor"
0.825388278388278 0.887096774193548 0.781113213479142 0.953383375627183 "dcor"
0.866049084249084 0.887096774193548 0.781113213479142 0.953383375627183 "dcor"
0.845600732600733 0.870967741935484 0.761491863618209 0.942609994392978 "dcor"
0.833359706959707 0.887096774193548 0.781113213479142 0.953383375627183 "dcor"
0.84558021978022 0.870967741935484 0.761491863618209 0.942609994392978 "dcor"
0.8362 0.838709677419355 0.723320154165078 0.919846935083223 "dcor"
0.854695238095238 0.838709677419355 0.723320154165078 0.919846935083223 "dcor"
0.862183882783883 0.870967741935484 0.761491863618209 0.942609994392978 "dcor"
0.835001465201465 0.919354838709677 0.821747406867766 0.973295383204164 "dcor"
0.846805128205128 0.806451612903226 0.686314048300537 0.895790370737824 "dcor"
0.831071794871795 0.919354838709677 0.821747406867766 0.973295383204164 "dcor"
0.858289377289377 0.870967741935484 0.761491863618209 0.942609994392978 "dcor"
0.860648351648352 0.870967741935484 0.761491863618209 0.942609994392978 "dcor"
0.855139926739927 0.82258064516129 0.704686678529349 0.907961604082047 "dcor"
0.84247032967033 0.870967741935484 0.761491863618209 0.942609994392978 "dcor"
0.825699633699634 0.919354838709677 0.821747406867766 0.973295383204164 "dcor"
0.875626373626374 0.806451612903226 0.686314048300537 0.895790370737824 "dcor"
0.83056336996337 0.870967741935484 0.761491863618209 0.942609994392978 "dcor"
0.830029304029304 0.887096774193548 0.781113213479142 0.953383375627183 "dcor"
0.852216117216117 0.870967741935484 0.761491863618209 0.942609994392978 "dcor"
0.82609304029304 0.903225806451613 0.801169623701541 0.963650418307025 "dcor"
0.828187545787546 0.887096774193548 0.781113213479142 0.953383375627183 "dcor"
0.852972161172161 0.887096774193548 0.781113213479142 0.953383375627183 "dcor"
0.861520146520147 0.854838709677419 0.742243137270859 0.931411387376539 "dcor"
0.869951648351648 0.838709677419355 0.723320154165078 0.919846935083223 "dcor"
0.837700366300366 0.919354838709677 0.821747406867766 0.973295383204164 "dcor"
0.852860805860806 0.854838709677419 0.742243137270859 0.931411387376539 "dcor"
0.818861538461538 0.854838709677419 0.742243137270859 0.931411387376539 "dcor"
0.889274725274725 0.790322580645161 0.668179165710105 0.883361034221898 "dcor"
0.874619047619048 0.806451612903226 0.686314048300537 0.895790370737824 "dcor"
0.839092307692308 0.870967741935484 0.761491863618209 0.942609994392978 "dcor"
0.83579706959707 0.838709677419355 0.723320154165078 0.919846935083223 "dcor"
0.85198315018315 0.870967741935484 0.761491863618209 0.942609994392978 "dcor"
0.86200293040293 0.870967741935484 0.761491863618209 0.942609994392978 "dcor"
0.848010989010989 0.919354838709677 0.821747406867766 0.973295383204164 "dcor"
0.861876923076923 0.870967741935484 0.761491863618209 0.942609994392978 "dcor"
0.860457875457875 0.758064516129032 0.632550292814055 0.857813964151982 "xicor"
0.85629010989011 0.806451612903226 0.686314048300537 0.895790370737824 "xicor"
0.835837362637363 0.854838709677419 0.742243137270859 0.931411387376539 "xicor"
0.854520146520147 0.854838709677419 0.742243137270859 0.931411387376539 "xicor"
0.834485714285714 0.838709677419355 0.723320154165078 0.919846935083223 "xicor"
0.860122344322344 0.82258064516129 0.704686678529349 0.907961604082047 "xicor"
0.828452747252747 0.887096774193548 0.781113213479142 0.953383375627183 "xicor"
0.871475457875458 0.806451612903226 0.686314048300537 0.895790370737824 "xicor"
0.84334358974359 0.82258064516129 0.704686678529349 0.907961604082047 "xicor"
0.826421978021978 0.870967741935484 0.761491863618209 0.942609994392978 "xicor"
0.876944322344322 0.758064516129032 0.632550292814055 0.857813964151982 "xicor"
0.877637362637363 0.725806451612903 0.597683842594978 0.831457055070029 "xicor"
0.863654945054945 0.82258064516129 0.704686678529349 0.907961604082047 "xicor"
0.833769963369963 0.870967741935484 0.761491863618209 0.942609994392978 "xicor"
0.803775091575092 0.854838709677419 0.742243137270859 0.931411387376539 "xicor"
0.850706227106227 0.838709677419355 0.723320154165078 0.919846935083223 "xicor"
0.861041025641026 0.887096774193548 0.781113213479142 0.953383375627183 "xicor"
0.844089377289377 0.82258064516129 0.704686678529349 0.907961604082047 "xicor"
0.833757509157509 0.838709677419355 0.723320154165078 0.919846935083223 "xicor"
0.839961172161172 0.870967741935484 0.761491863618209 0.942609994392978 "xicor"
0.824536996336996 0.919354838709677 0.821747406867766 0.973295383204164 "xicor"
0.844191941391941 0.82258064516129 0.704686678529349 0.907961604082047 "xicor"
0.82416043956044 0.854838709677419 0.742243137270859 0.931411387376539 "xicor"
0.838352380952381 0.887096774193548 0.781113213479142 0.953383375627183 "xicor"
0.819006593406593 0.887096774193548 0.781113213479142 0.953383375627183 "xicor"
0.825830769230769 0.887096774193548 0.781113213479142 0.953383375627183 "xicor"
0.845368498168498 0.838709677419355 0.723320154165078 0.919846935083223 "xicor"
0.816380952380952 0.838709677419355 0.723320154165078 0.919846935083223 "xicor"
0.819222710622711 0.919354838709677 0.821747406867766 0.973295383204164 "xicor"
0.851717216117216 0.838709677419355 0.723320154165078 0.919846935083223 "xicor"
0.849258608058608 0.806451612903226 0.686314048300537 0.895790370737824 "xicor"
0.836825641025641 0.854838709677419 0.742243137270859 0.931411387376539 "xicor"
0.827821978021978 0.903225806451613 0.801169623701541 0.963650418307025 "xicor"
0.851846153846154 0.82258064516129 0.704686678529349 0.907961604082047 "xicor"
0.838770695970696 0.870967741935484 0.761491863618209 0.942609994392978 "xicor"
0.827846886446886 0.887096774193548 0.781113213479142 0.953383375627183 "xicor"
0.819526007326007 0.854838709677419 0.742243137270859 0.931411387376539 "xicor"
0.859517216117216 0.919354838709677 0.821747406867766 0.973295383204164 "xicor"
0.846844688644689 0.790322580645161 0.668179165710105 0.883361034221898 "xicor"
0.839742124542125 0.887096774193548 0.781113213479142 0.953383375627183 "xicor"
0.821370695970696 0.887096774193548 0.781113213479142 0.953383375627183 "xicor"
0.831931135531136 0.870967741935484 0.761491863618209 0.942609994392978 "xicor"
0.890954578754579 0.774193548387097 0.650263132359369 0.870696081027774 "xicor"
0.853198534798535 0.82258064516129 0.704686678529349 0.907961604082047 "xicor"
0.840658608058608 0.903225806451613 0.801169623701541 0.963650418307025 "xicor"
0.808353846153846 0.903225806451613 0.801169623701541 0.963650418307025 "xicor"
0.843466666666667 0.903225806451613 0.801169623701541 0.963650418307025 "xicor"
0.851522344322344 0.870967741935484 0.761491863618209 0.942609994392978 "xicor"
0.8283663003663 0.887096774193548 0.781113213479142 0.953383375627183 "xicor"
0.83920293040293 0.854838709677419 0.742243137270859 0.931411387376539 "xicor"
0.852389743589744 0.870967741935484 0.761491863618209 0.942609994392978 "rdc"
0.852376556776557 0.82258064516129 0.704686678529349 0.907961604082047 "rdc"
0.834810256410256 0.82258064516129 0.704686678529349 0.907961604082047 "rdc"
0.87030989010989 0.806451612903226 0.686314048300537 0.895790370737824 "rdc"
0.844731868131868 0.887096774193548 0.781113213479142 0.953383375627183 "rdc"
0.836702564102564 0.774193548387097 0.650263132359369 0.870696081027774 "rdc"
0.819188278388278 0.887096774193548 0.781113213479142 0.953383375627183 "rdc"
0.846849084249084 0.854838709677419 0.742243137270859 0.931411387376539 "rdc"
0.818696703296703 0.806451612903226 0.686314048300537 0.895790370737824 "rdc"
0.827516483516484 0.838709677419355 0.723320154165078 0.919846935083223 "rdc"
0.846134798534799 0.838709677419355 0.723320154165078 0.919846935083223 "rdc"
0.861324542124542 0.741935483870968 0.615027546671032 0.844730006535794 "rdc"
0.864427838827839 0.790322580645161 0.668179165710105 0.883361034221898 "rdc"
0.829651282051282 0.854838709677419 0.742243137270859 0.931411387376539 "rdc"
0.814028571428571 0.919354838709677 0.821747406867766 0.973295383204164 "rdc"
0.840745054945055 0.887096774193548 0.781113213479142 0.953383375627183 "rdc"
0.829622710622711 0.854838709677419 0.742243137270859 0.931411387376539 "rdc"
0.814479853479854 0.870967741935484 0.761491863618209 0.942609994392978 "rdc"
0.859591208791209 0.82258064516129 0.704686678529349 0.907961604082047 "rdc"
0.829347985347985 0.870967741935484 0.761491863618209 0.942609994392978 "rdc"
0.863385347985348 0.854838709677419 0.742243137270859 0.931411387376539 "rdc"
0.833773626373626 0.838709677419355 0.723320154165078 0.919846935083223 "rdc"
0.815794871794872 0.919354838709677 0.821747406867766 0.973295383204164 "rdc"
0.815010989010989 0.870967741935484 0.761491863618209 0.942609994392978 "rdc"
0.795884249084249 0.854838709677419 0.742243137270859 0.931411387376539 "rdc"
0.835405860805861 0.854838709677419 0.742243137270859 0.931411387376539 "rdc"
0.832937728937729 0.806451612903226 0.686314048300537 0.895790370737824 "rdc"
0.850570695970696 0.741935483870968 0.615027546671032 0.844730006535794 "rdc"
0.831515750915751 0.854838709677419 0.742243137270859 0.931411387376539 "rdc"
0.8431663003663 0.870967741935484 0.761491863618209 0.942609994392978 "rdc"
0.818796336996337 0.82258064516129 0.704686678529349 0.907961604082047 "rdc"
0.808874725274725 0.870967741935484 0.761491863618209 0.942609994392978 "rdc"
0.803987545787546 0.887096774193548 0.781113213479142 0.953383375627183 "rdc"
0.831554578754579 0.887096774193548 0.781113213479142 0.953383375627183 "rdc"
0.837184615384615 0.903225806451613 0.801169623701541 0.963650418307025 "rdc"
0.815898901098901 0.854838709677419 0.742243137270859 0.931411387376539 "rdc"
0.83589010989011 0.838709677419355 0.723320154165078 0.919846935083223 "rdc"
0.86339706959707 0.887096774193548 0.781113213479142 0.953383375627183 "rdc"
0.831862271062271 0.838709677419355 0.723320154165078 0.919846935083223 "rdc"
0.809627838827839 0.887096774193548 0.781113213479142 0.953383375627183 "rdc"
0.831244688644689 0.870967741935484 0.761491863618209 0.942609994392978 "rdc"
0.776150915750916 0.774193548387097 0.650263132359369 0.870696081027774 "rdc"
0.842911355311355 0.806451612903226 0.686314048300537 0.895790370737824 "rdc"
0.837320879120879 0.854838709677419 0.742243137270859 0.931411387376539 "rdc"
0.824835164835165 0.838709677419355 0.723320154165078 0.919846935083223 "rdc"
0.795035897435897 0.838709677419355 0.723320154165078 0.919846935083223 "rdc"
0.842920879120879 0.838709677419355 0.723320154165078 0.919846935083223 "rdc"
0.845185347985348 0.854838709677419 0.742243137270859 0.931411387376539 "rdc"
0.806452747252747 0.870967741935484 0.761491863618209 0.942609994392978 "rdc"
0.820844688644689 0.870967741935484 0.761491863618209 0.942609994392978 "rdc"
0.846736996336996 0.774193548387097 0.650263132359369 0.870696081027774 "SIT"
0.843177289377289 0.806451612903226 0.686314048300537 0.895790370737824 "SIT"
0.825671062271062 0.82258064516129 0.704686678529349 0.907961604082047 "SIT"
0.837352380952381 0.82258064516129 0.704686678529349 0.907961604082047 "SIT"
0.828075457875458 0.870967741935484 0.761491863618209 0.942609994392978 "SIT"
0.832591208791209 0.82258064516129 0.704686678529349 0.907961604082047 "SIT"
0.807545787545788 0.903225806451613 0.801169623701541 0.963650418307025 "SIT"
0.840901098901099 0.838709677419355 0.723320154165078 0.919846935083223 "SIT"
0.819496703296703 0.806451612903226 0.686314048300537 0.895790370737824 "SIT"
0.787773626373626 0.870967741935484 0.761491863618209 0.942609994392978 "SIT"
0.83925641025641 0.774193548387097 0.650263132359369 0.870696081027774 "SIT"
0.870922344322344 0.693548387096774 0.563497415296102 0.80438595962718 "SIT"
0.850828571428571 0.758064516129032 0.632550292814055 0.857813964151982 "SIT"
0.819727472527473 0.838709677419355 0.723320154165078 0.919846935083223 "SIT"
0.81125641025641 0.838709677419355 0.723320154165078 0.919846935083223 "SIT"
0.8374 0.82258064516129 0.704686678529349 0.907961604082047 "SIT"
0.80578315018315 0.854838709677419 0.742243137270859 0.931411387376539 "SIT"
0.812309157509158 0.887096774193548 0.781113213479142 0.953383375627183 "SIT"
0.856438827838828 0.806451612903226 0.686314048300537 0.895790370737824 "SIT"
0.803564102564103 0.854838709677419 0.742243137270859 0.931411387376539 "SIT"
0.857500366300366 0.725806451612903 0.597683842594978 0.831457055070029 "SIT"
0.842883516483516 0.82258064516129 0.704686678529349 0.907961604082047 "SIT"
0.813167765567766 0.887096774193548 0.781113213479142 0.953383375627183 "SIT"
0.823266666666667 0.854838709677419 0.742243137270859 0.931411387376539 "SIT"
0.780922344322344 0.903225806451613 0.801169623701541 0.963650418307025 "SIT"
0.830775824175824 0.82258064516129 0.704686678529349 0.907961604082047 "SIT"
0.807508424908425 0.806451612903226 0.686314048300537 0.895790370737824 "SIT"
0.853365567765568 0.790322580645161 0.668179165710105 0.883361034221898 "SIT"
0.806775824175824 0.887096774193548 0.781113213479142 0.953383375627183 "SIT"
0.811578021978022 0.919354838709677 0.821747406867766 0.973295383204164 "SIT"
0.815982417582418 0.838709677419355 0.723320154165078 0.919846935083223 "SIT"
0.793704029304029 0.870967741935484 0.761491863618209 0.942609994392978 "SIT"
0.808733333333333 0.870967741935484 0.761491863618209 0.942609994392978 "SIT"
0.836667399267399 0.838709677419355 0.723320154165078 0.919846935083223 "SIT"
0.802952380952381 0.870967741935484 0.761491863618209 0.942609994392978 "SIT"
0.806947252747253 0.838709677419355 0.723320154165078 0.919846935083223 "SIT"
0.834339194139194 0.870967741935484 0.761491863618209 0.942609994392978 "SIT"
0.837465201465201 0.838709677419355 0.723320154165078 0.919846935083223 "SIT"
0.842706227106227 0.774193548387097 0.650263132359369 0.870696081027774 "SIT"
0.798081318681319 0.870967741935484 0.761491863618209 0.942609994392978 "SIT"
0.828642490842491 0.854838709677419 0.742243137270859 0.931411387376539 "SIT"
0.766037362637363 0.838709677419355 0.723320154165078 0.919846935083223 "SIT"
0.839648351648352 0.806451612903226 0.686314048300537 0.895790370737824 "SIT"
0.848826373626374 0.806451612903226 0.686314048300537 0.895790370737824 "SIT"
0.820895970695971 0.838709677419355 0.723320154165078 0.919846935083223 "SIT"
0.802309157509158 0.854838709677419 0.742243137270859 0.931411387376539 "SIT"
0.839643223443223 0.870967741935484 0.761491863618209 0.942609994392978 "SIT"
0.855183882783883 0.838709677419355 0.723320154165078 0.919846935083223 "SIT"
0.795191208791209 0.887096774193548 0.781113213479142 0.953383375627183 "SIT"
0.840793406593407 0.838709677419355 0.723320154165078 0.919846935083223 "SIT"
0.812386080586081 0.741935483870968 0.615027546671032 0.844730006535794 "MIC"
0.804955311355311 0.774193548387097 0.650263132359369 0.870696081027774 "MIC"
0.796989743589744 0.790322580645161 0.668179165710105 0.883361034221898 "MIC"
0.796616117216117 0.758064516129032 0.632550292814055 0.857813964151982 "MIC"
0.793922344322344 0.790322580645161 0.668179165710105 0.883361034221898 "MIC"
0.804749450549451 0.806451612903226 0.686314048300537 0.895790370737824 "MIC"
0.762783882783883 0.854838709677419 0.742243137270859 0.931411387376539 "MIC"
0.799438095238095 0.790322580645161 0.668179165710105 0.883361034221898 "MIC"
0.797704761904762 0.758064516129032 0.632550292814055 0.857813964151982 "MIC"
0.75281978021978 0.806451612903226 0.686314048300537 0.895790370737824 "MIC"
0.78411282051282 0.806451612903226 0.686314048300537 0.895790370737824 "MIC"
0.827383882783883 0.693548387096774 0.563497415296102 0.80438595962718 "MIC"
0.801815384615385 0.725806451612903 0.597683842594978 0.831457055070029 "MIC"
0.786808058608059 0.806451612903226 0.686314048300537 0.895790370737824 "MIC"
0.774964835164835 0.790322580645161 0.668179165710105 0.883361034221898 "MIC"
0.826068864468865 0.758064516129032 0.632550292814055 0.857813964151982 "MIC"
0.797259340659341 0.838709677419355 0.723320154165078 0.919846935083223 "MIC"
0.758108424908425 0.887096774193548 0.781113213479142 0.953383375627183 "MIC"
0.789336996336996 0.790322580645161 0.668179165710105 0.883361034221898 "MIC"
0.762082783882784 0.82258064516129 0.704686678529349 0.907961604082047 "MIC"
0.823168498168498 0.741935483870968 0.615027546671032 0.844730006535794 "MIC"
0.823510622710623 0.790322580645161 0.668179165710105 0.883361034221898 "MIC"
0.792632967032967 0.838709677419355 0.723320154165078 0.919846935083223 "MIC"
0.787901831501831 0.741935483870968 0.615027546671032 0.844730006535794 "MIC"
0.736684249084249 0.854838709677419 0.742243137270859 0.931411387376539 "MIC"
0.795472527472528 0.758064516129032 0.632550292814055 0.857813964151982 "MIC"
0.797186813186813 0.82258064516129 0.704686678529349 0.907961604082047 "MIC"
0.812820512820513 0.741935483870968 0.615027546671032 0.844730006535794 "MIC"
0.772226373626374 0.806451612903226 0.686314048300537 0.895790370737824 "MIC"
0.768430036630037 0.806451612903226 0.686314048300537 0.895790370737824 "MIC"
0.799221245421245 0.790322580645161 0.668179165710105 0.883361034221898 "MIC"
0.745764835164835 0.82258064516129 0.704686678529349 0.907961604082047 "MIC"
0.760219047619048 0.854838709677419 0.742243137270859 0.931411387376539 "MIC"
0.811906227106227 0.741935483870968 0.615027546671032 0.844730006535794 "MIC"
0.774111355311355 0.838709677419355 0.723320154165078 0.919846935083223 "MIC"
0.792283516483516 0.82258064516129 0.704686678529349 0.907961604082047 "MIC"
0.754364835164835 0.790322580645161 0.668179165710105 0.883361034221898 "MIC"
0.798647619047619 0.774193548387097 0.650263132359369 0.870696081027774 "MIC"
0.79898021978022 0.725806451612903 0.597683842594978 0.831457055070029 "MIC"
0.787534065934066 0.870967741935484 0.761491863618209 0.942609994392978 "MIC"
0.806927472527473 0.758064516129032 0.632550292814055 0.857813964151982 "MIC"
0.744005128205128 0.725806451612903 0.597683842594978 0.831457055070029 "MIC"
0.816118681318681 0.790322580645161 0.668179165710105 0.883361034221898 "MIC"
0.832198534798535 0.741935483870968 0.615027546671032 0.844730006535794 "MIC"
0.765539926739927 0.838709677419355 0.723320154165078 0.919846935083223 "MIC"
0.750230769230769 0.774193548387097 0.650263132359369 0.870696081027774 "MIC"
0.789968498168498 0.790322580645161 0.668179165710105 0.883361034221898 "MIC"
0.800471794871795 0.806451612903226 0.686314048300537 0.895790370737824 "MIC"
0.775707692307692 0.838709677419355 0.723320154165078 0.919846935083223 "MIC"
0.799064468864469 0.790322580645161 0.668179165710105 0.883361034221898 "MIC"
